2.004304409027099609e+00
2.316498041152954102e+00
2.182885646820068359e+00
2.090456485748291016e+00
3.231721639633178711e+00
2.117972612380981445e+00
2.434038162231445312e+00
1.673544764518737793e+00
2.285475492477416992e+00
2.440390825271606445e+00
2.229000568389892578e+00
1.980705499649047852e+00
1.925841569900512695e+00
1.962762117385864258e+00
2.095142126083374023e+00
2.132339000701904297e+00
1.909853339195251465e+00
1.988678693771362305e+00
1.934699177742004395e+00
1.962455391883850098e+00
1.905297279357910156e+00
2.022194623947143555e+00
2.019762277603149414e+00
1.908967614173889160e+00
1.946495652198791504e+00
2.351206779479980469e+00
2.171180486679077148e+00
2.210672855377197266e+00
1.979363918304443359e+00
1.867316246032714844e+00
1.954133272171020508e+00
2.182005643844604492e+00
2.233468770980834961e+00
2.042064666748046875e+00
2.074423313140869141e+00
2.361640691757202148e+00
2.109706878662109375e+00
1.946183681488037109e+00
2.085225105285644531e+00
1.971711158752441406e+00
3.052287101745605469e+00
1.869385004043579102e+00
1.831883430480957031e+00
1.920172691345214844e+00
1.536881476640701294e-01
2.834974527359008789e+00
2.021893262863159180e+00
2.023240327835083008e+00
2.066003799438476562e+00
1.849056601524353027e+00
3.126273155212402344e+00
1.849296808242797852e+00
2.240926742553710938e+00
1.893397688865661621e+00
1.934084653854370117e+00
1.979621410369873047e+00
1.922346472740173340e+00
1.815407872200012207e+00
1.952279090881347656e+00
2.061364173889160156e+00
1.873850703239440918e+00
1.924476027488708496e+00
1.910790681838989258e+00
5.625020265579223633e-01
2.037910461425781250e+00
1.905758500099182129e+00
2.114613771438598633e+00
2.150492191314697266e+00
2.031148195266723633e+00
1.984738826751708984e+00
1.907937765121459961e+00
2.297856092453002930e+00
2.242294073104858398e+00
2.262859821319580078e+00
2.418496131896972656e+00
2.403486728668212891e+00
2.229421615600585938e+00
2.374722957611083984e+00
2.208810329437255859e+00
2.375602960586547852e+00
2.396583080291748047e+00
2.161605834960937500e+00
2.774011611938476562e+00
2.154162645339965820e+00
2.173504590988159180e+00
2.235082626342773438e+00
2.372314929962158203e+00
3.216110229492187500e+00
3.084008932113647461e+00
2.455253124237060547e+00
2.284358739852905273e+00
2.386036396026611328e+00
2.465515136718750000e+00
2.641945362091064453e+00
2.678943634033203125e+00
2.572932243347167969e+00
2.263696908950805664e+00
2.317689657211303711e+00
2.320048332214355469e+00
2.977437019348144531e+00
2.559855937957763672e+00
2.530584812164306641e+00
2.530874013900756836e+00
2.564908504486083984e+00
2.646519660949707031e+00
2.546097517013549805e+00
2.647954940795898438e+00
2.375562429428100586e+00
2.402059078216552734e+00
2.394599437713623047e+00
2.468621969223022461e+00
2.892656087875366211e+00
2.439561605453491211e+00
2.454109907150268555e+00
2.455942630767822266e+00
2.581217765808105469e+00
2.599406719207763672e+00
2.648387432098388672e+00
2.121016502380371094e+00
2.378258466720581055e+00
2.458383560180664062e+00
1.827308654785156250e+00
1.906675100326538086e+00
1.958828210830688477e+00
1.811525106430053711e+00
1.928394556045532227e+00
1.883648395538330078e+00
2.203409433364868164e+00
1.812848329544067383e+00
1.918715953826904297e+00
1.895045757293701172e+00
1.982183694839477539e+00
2.828760147094726562e-01
2.126963615417480469e+00
2.241961479187011719e+00
1.916217923164367676e+00
2.234358787536621094e+00
2.299755573272705078e+00
2.451104164123535156e+00
2.058263301849365234e+00
1.988611459732055664e+00
2.420068740844726562e+00
2.416981458663940430e+00
2.670626163482666016e+00
2.526938676834106445e+00
2.259938001632690430e+00
2.357197999954223633e+00
1.848213076591491699e+00
1.879409074783325195e+00
1.907120347023010254e+00
1.885197877883911133e+00
1.959895014762878418e+00
2.262639760971069336e+00
2.238229036331176758e+00
2.280016422271728516e+00
2.303583621978759766e+00
2.195113182067871094e+00
2.239535808563232422e+00
2.957333087921142578e+00
2.397573709487915039e+00
2.368663072586059570e+00
2.817234277725219727e+00
2.376404285430908203e+00
2.366870164871215820e+00
2.194819450378417969e+00
2.276844024658203125e+00
2.755325078964233398e+00
2.301291704177856445e+00
2.607889413833618164e+00
2.513944864273071289e+00
2.494626045227050781e+00
2.474066019058227539e+00
2.632077693939208984e+00
2.580238819122314453e+00
2.284849166870117188e+00
2.390352487564086914e+00
2.310619592666625977e+00
2.811618328094482422e+00
1.941115260124206543e+00
1.841472625732421875e+00
1.943861484527587891e+00
2.251597166061401367e+00
2.359938383102416992e+00
2.479343652725219727e+00
2.503757238388061523e+00
2.218249320983886719e+00
2.580690145492553711e+00
2.207809686660766602e+00
2.152390480041503906e+00
2.352984428405761719e+00
2.465249061584472656e+00
2.513226747512817383e+00
2.199560403823852539e+00
2.385797977447509766e+00
3.629093885421752930e+00
2.247198820114135742e+00
2.370208978652954102e+00
2.439900875091552734e+00
2.354012727737426758e+00
2.338623523712158203e+00
2.529988527297973633e+00
2.488861083984375000e+00
3.091658830642700195e+00
1.865970373153686523e+00
2.617718696594238281e+00
2.435875415802001953e+00
2.446068286895751953e+00
2.288174867630004883e+00
2.310382366180419922e+00
