1.083975732326507568e-01 3.833649680018424988e-02 3.096739053726196289e-01 5.435919761657714844e-01
2.217725366353988647e-01 5.497697740793228149e-02 3.321150243282318115e-01 3.911354243755340576e-01
3.052626848220825195e-01 8.849485218524932861e-02 4.225745201110839844e-01 1.836679279804229736e-01
2.484300881624221802e-01 2.025423794984817505e-01 3.635959923267364502e-01 1.854315847158432007e-01
1.039746999740600586e-01 5.795884132385253906e-02 6.645520925521850586e-01 1.735143363475799561e-01
1.079574227333068848e-01 6.651685386896133423e-02 6.075740456581115723e-01 2.179517596960067749e-01
5.581556260585784912e-02 2.079237252473831177e-01 4.677788913249969482e-01 2.684817612171173096e-01
5.511259287595748901e-02 1.064874902367591858e-01 6.042071580886840820e-01 2.341927438974380493e-01
3.558687567710876465e-01 1.262426674365997314e-01 4.053592979907989502e-01 1.125292927026748657e-01
1.929969787597656250e-01 6.411126255989074707e-02 6.709933876991271973e-01 7.189840078353881836e-02
8.175728470087051392e-02 6.123626977205276489e-02 7.629173994064331055e-01 9.408897906541824341e-02
3.965087532997131348e-01 1.077614277601242065e-01 2.218220531940460205e-01 2.739078104496002197e-01
3.144778609275817871e-01 1.732583492994308472e-01 2.170316427946090698e-01 2.952320575714111328e-01
2.266155481338500977e-01 1.863107830286026001e-01 1.768545061349868774e-01 4.102191627025604248e-01
1.079734265804290771e-01 1.811058074235916138e-01 2.359154373407363892e-01 4.750052988529205322e-01
2.003906220197677612e-01 1.046367883682250977e-01 1.292703598737716675e-01 5.657021999359130859e-01
2.089789509773254395e-01 4.748697876930236816e-01 1.240035966038703918e-01 1.921476572751998901e-01
2.425198107957839966e-01 3.536381423473358154e-01 1.240470409393310547e-01 2.797949910163879395e-01
2.163918763399124146e-01 4.819526672363281250e-01 1.110948249697685242e-01 1.905606389045715332e-01
2.223488241434097290e-01 8.610788732767105103e-02 5.398145318031311035e-01 1.517287492752075195e-01
2.223488241434097290e-01 8.610788732767105103e-02 5.398145318031311035e-01 1.517287492752075195e-01
2.223488241434097290e-01 8.610788732767105103e-02 5.398145318031311035e-01 1.517287492752075195e-01
2.223488241434097290e-01 8.610788732767105103e-02 5.398145318031311035e-01 1.517287492752075195e-01
2.223488241434097290e-01 8.610788732767105103e-02 5.398145318031311035e-01 1.517287492752075195e-01
2.183258682489395142e-01 9.194220602512359619e-02 5.555726885795593262e-01 1.341592371463775635e-01
1.652168184518814087e-01 1.511693596839904785e-01 2.582994997501373291e-01 4.253142774105072021e-01
1.907370835542678833e-01 1.299348026514053345e-01 2.267210334539413452e-01 4.526071250438690186e-01
4.207682013511657715e-01 8.570210635662078857e-02 1.946711391210556030e-01 2.988585531711578369e-01
4.305058419704437256e-01 8.373795449733734131e-02 1.741140335798263550e-01 3.116421401500701904e-01
3.740794062614440918e-01 1.054386720061302185e-01 1.347719132900238037e-01 3.857100009918212891e-01
3.740805387496948242e-01 1.054380536079406738e-01 1.347687989473342896e-01 3.857125937938690186e-01
3.262308239936828613e-01 7.443369179964065552e-02 3.223569989204406738e-01 2.769784927368164062e-01
4.291611611843109131e-01 8.403606712818145752e-02 1.769894063472747803e-01 3.098133504390716553e-01
4.291067123413085938e-01 8.404795080423355103e-02 1.771056354045867920e-01 3.097397387027740479e-01
4.207682013511657715e-01 8.570210635662078857e-02 1.946711391210556030e-01 2.988585531711578369e-01
4.207682013511657715e-01 8.570210635662078857e-02 1.946711391210556030e-01 2.988585531711578369e-01
4.207682013511657715e-01 8.570210635662078857e-02 1.946711391210556030e-01 2.988585531711578369e-01
3.768167197704315186e-01 8.332795649766921997e-02 3.022300601005554199e-01 2.376252859830856323e-01
4.207682013511657715e-01 8.570210635662078857e-02 1.946711391210556030e-01 2.988585531711578369e-01
3.386100232601165771e-01 5.906751751899719238e-02 3.390304148197174072e-01 2.632920444011688232e-01
4.254978299140930176e-01 7.943900674581527710e-02 1.939698010683059692e-01 3.010933101177215576e-01
4.409919083118438721e-01 6.036133319139480591e-02 1.907093226909637451e-01 3.079374730587005615e-01
4.373047947883605957e-01 6.468997895717620850e-02 1.916254609823226929e-01 3.063797652721405029e-01
4.207682013511657715e-01 8.570210635662078857e-02 1.946711391210556030e-01 2.988585531711578369e-01
4.449321627616882324e-01 5.589057132601737976e-02 1.896282285451889038e-01 3.095490038394927979e-01
3.724332451820373535e-01 6.773818284273147583e-02 1.727823168039321899e-01 3.870461583137512207e-01
4.207682013511657715e-01 8.570210635662078857e-02 1.946711391210556030e-01 2.988585531711578369e-01
4.207682013511657715e-01 8.570210635662078857e-02 1.946711391210556030e-01 2.988585531711578369e-01
4.245290756225585938e-01 8.070603013038635254e-02 1.941241025924682617e-01 3.006407618522644043e-01
3.217991292476654053e-01 1.056205108761787415e-01 2.646680176258087158e-01 3.079123497009277344e-01
6.926218867301940918e-01 1.494862586259841919e-01 9.444617480039596558e-02 6.344567239284515381e-02
6.652597784996032715e-01 9.617942571640014648e-02 8.292040973901748657e-02 1.556402891874313354e-01
6.667725443840026855e-01 1.715611666440963745e-01 9.263120591640472412e-02 6.903511285781860352e-02
7.033018469810485840e-01 9.526932239532470703e-02 9.105256199836730957e-02 1.103762984275817871e-01
6.944554448127746582e-01 9.011876583099365234e-02 1.099169254302978516e-01 1.055088490247726440e-01
2.935267686843872070e-01 5.038633942604064941e-01 6.394754350185394287e-02 1.386623233556747437e-01
3.589171171188354492e-01 4.271818697452545166e-01 1.067858040332794189e-01 1.071151569485664368e-01
3.018257021903991699e-01 1.014476269483566284e-01 3.960665166378021240e-01 2.006602138280868530e-01
3.347695171833038330e-01 8.535019308328628540e-02 4.071046411991119385e-01 1.727755814790725708e-01
3.676361143589019775e-01 7.102168351411819458e-02 4.141904413700103760e-01 1.471518129110336304e-01
3.664038479328155518e-01 7.192516326904296875e-02 4.159878492355346680e-01 1.456831395626068115e-01
3.884104192256927490e-01 1.142630055546760559e-01 3.396534621715545654e-01 1.576730906963348389e-01
4.004370272159576416e-01 9.074138104915618896e-02 2.789158821105957031e-01 2.299057543277740479e-01
5.283716917037963867e-01 5.410117655992507935e-02 2.752352952957153320e-01 1.422917842864990234e-01
4.615001082420349121e-01 1.667894423007965088e-01 3.049567341804504395e-01 6.675365567207336426e-02
4.632721245288848877e-01 1.543585062026977539e-01 3.255472183227539062e-01 5.682218819856643677e-02
4.605159759521484375e-01 1.575886011123657227e-01 3.246957659721374512e-01 5.719959735870361328e-02
6.072163581848144531e-01 1.295481175184249878e-01 1.631267964839935303e-01 1.001087203621864319e-01
2.670243382453918457e-01 8.266814053058624268e-02 5.666496157646179199e-01 8.365797251462936401e-02
3.546372652053833008e-01 1.632124781608581543e-01 3.700756430625915527e-01 1.120746731758117676e-01
2.391421943902969360e-01 1.300977766513824463e-01 5.803921222686767578e-01 5.036783590912818909e-02
7.209106534719467163e-02 9.611185640096664429e-02 7.337126135826110840e-01 9.808444976806640625e-02
1.691210269927978516e-01 1.061207428574562073e-01 6.729215979576110840e-01 5.183674767613410950e-02
1.998314112424850464e-01 1.130621954798698425e-01 6.335606575012207031e-01 5.354568734765052795e-02
1.632739752531051636e-01 9.297295659780502319e-02 6.292173266410827637e-01 1.145358234643936157e-01
1.307247877120971680e-01 1.237680017948150635e-01 6.797851324081420898e-01 6.572217494249343872e-02
1.291581690311431885e-01 1.240258440375328064e-01 6.807239651679992676e-01 6.609196215867996216e-02
1.291598677635192871e-01 1.240255236625671387e-01 6.807231307029724121e-01 6.609152257442474365e-02
1.291628628969192505e-01 1.240285411477088928e-01 6.807149052619934082e-01 6.609360873699188232e-02
1.291581541299819946e-01 1.240258589386940002e-01 6.807240843772888184e-01 6.609196215867996216e-02
2.318245917558670044e-01 1.027549728751182556e-01 5.964688062667846680e-01 6.895162165164947510e-02
1.672973781824111938e-01 2.542128562927246094e-01 2.433332353830337524e-01 3.351566195487976074e-01
1.453548967838287354e-01 2.757014334201812744e-01 2.814673483371734619e-01 2.974763512611389160e-01
3.673319220542907715e-01 8.121564984321594238e-02 2.666838467121124268e-01 2.847685515880584717e-01
1.944765746593475342e-01 6.634870171546936035e-02 2.893027067184448242e-01 4.498720765113830566e-01
2.760129570960998535e-01 8.811384439468383789e-02 2.782173156738281250e-01 3.576558828353881836e-01
1.460859924554824829e-01 1.141641661524772644e-01 3.134520947933197021e-01 4.262978136539459229e-01
2.486438602209091187e-01 8.309922367334365845e-02 2.948119342327117920e-01 3.734449446201324463e-01
1.435023695230484009e-01 1.087937727570533752e-01 4.054219424724578857e-01 3.422818779945373535e-01
2.200116664171218872e-01 9.262012690305709839e-02 3.282626271247863770e-01 3.591055572032928467e-01
1.250667423009872437e-01 8.000533282756805420e-02 4.125001132488250732e-01 3.824278116226196289e-01
1.271375715732574463e-01 5.952518433332443237e-02 3.256114423274993896e-01 4.877258241176605225e-01
2.552141547203063965e-01 5.620770156383514404e-02 3.138807713985443115e-01 3.746972978115081787e-01
1.232398226857185364e-01 1.220818161964416504e-01 6.014703512191772461e-01 1.532080322504043579e-01
1.261015832424163818e-01 9.605830162763595581e-02 5.766774415969848633e-01 2.011627554893493652e-01
1.639252901077270508e-01 1.462295353412628174e-01 4.510982036590576172e-01 2.387469112873077393e-01
3.579367101192474365e-01 1.376239806413650513e-01 2.174975872039794922e-01 2.869417369365692139e-01
1.123446151614189148e-01 2.656760811805725098e-01 2.769334018230438232e-01 3.450458943843841553e-01
4.196126759052276611e-02 7.192692905664443970e-02 3.878495097160339355e-01 4.982622563838958740e-01
4.642639681696891785e-02 7.298783957958221436e-02 4.537045061588287354e-01 4.268811941146850586e-01
3.903811872005462646e-01 4.694786667823791504e-02 2.100617289543151855e-01 3.526092767715454102e-01
2.692358940839767456e-02 1.007376536726951599e-01 3.728735446929931641e-01 4.994651973247528076e-01
1.221925988793373108e-01 1.820603162050247192e-01 6.408650279045104980e-01 5.488209053874015808e-02
3.177924156188964844e-01 9.918922930955886841e-02 2.537580132484436035e-01 3.292602300643920898e-01
7.771451771259307861e-02 3.066265285015106201e-01 2.904497683048248291e-01 3.252092003822326660e-01
2.823292016983032227e-01 6.830406188964843750e-02 5.698827505111694336e-01 7.948397845029830933e-02
5.449500679969787598e-02 1.574346572160720825e-01 3.475206792354583740e-01 4.405496418476104736e-01
7.841864973306655884e-02 8.430015295743942261e-02 3.875655233860015869e-01 4.497157037258148193e-01
1.573466956615447998e-01 6.486535072326660156e-02 6.754398345947265625e-01 1.023481488227844238e-01
1.702542752027511597e-01 1.421226114034652710e-01 5.471357107162475586e-01 1.404873281717300415e-01
2.003143578767776489e-01 2.093805968761444092e-01 2.343412786722183228e-01 3.559637665748596191e-01
2.789006531238555908e-01 2.043126970529556274e-01 2.727628350257873535e-01 2.440238147974014282e-01
2.085046023130416870e-01 2.862977385520935059e-01 1.741251349449157715e-01 3.310725688934326172e-01
1.416689753532409668e-01 1.379092931747436523e-01 5.551172494888305664e-01 1.653044074773788452e-01
1.760846674442291260e-01 2.136345356702804565e-01 3.151908516883850098e-01 2.950899004936218262e-01
1.952505856752395630e-01 1.435607522726058960e-01 5.040161013603210449e-01 1.571725755929946899e-01
2.059198617935180664e-01 1.610035300254821777e-01 4.557336866855621338e-01 1.773429214954376221e-01
1.771678328514099121e-01 1.863815337419509888e-01 3.597940802574157715e-01 2.766566276550292969e-01
8.585844933986663818e-02 1.256340742111206055e-01 6.387926936149597168e-01 1.497147381305694580e-01
2.998261451721191406e-01 9.682477265596389771e-02 3.525822460651397705e-01 2.507667839527130127e-01
2.349816411733627319e-01 1.742755919694900513e-01 2.104443013668060303e-01 3.802983760833740234e-01
1.277384310960769653e-01 2.730934321880340576e-02 2.931673228740692139e-01 5.517849326133728027e-01
1.595313400030136108e-01 2.772210352122783661e-02 2.244379222393035889e-01 5.883086919784545898e-01
1.311662495136260986e-01 3.386395797133445740e-02 1.532319337129592896e-01 6.817379593849182129e-01
1.257760822772979736e-01 1.409745402634143829e-02 1.061308383941650391e-01 7.539955973625183105e-01
1.324565708637237549e-01 3.148018941283226013e-02 4.359586909413337708e-02 7.924673557281494141e-01
9.637134522199630737e-02 1.371613144874572754e-01 4.268129765987396240e-01 3.396544158458709717e-01
3.015422523021697998e-01 7.933015376329421997e-02 2.320380955934524536e-01 3.870894610881805420e-01
2.993384599685668945e-01 8.112184703350067139e-02 2.368138432502746582e-01 3.827258050441741943e-01
3.016408681869506836e-01 7.931261509656906128e-02 2.317428290843963623e-01 3.873036801815032959e-01
4.301747977733612061e-01 9.028953313827514648e-02 2.421093732118606567e-01 2.374263107776641846e-01
3.515734076499938965e-01 2.475989162921905518e-01 2.304911911487579346e-01 1.703364849090576172e-01
1.706941574811935425e-01 7.542333006858825684e-02 2.429744601249694824e-01 5.109080672264099121e-01
4.342756867408752441e-01 6.578668206930160522e-02 1.552922874689102173e-01 3.446453511714935303e-01
1.715514063835144043e-01 6.983941793441772461e-02 4.573713243007659912e-01 3.012378215789794922e-01
1.446787565946578979e-01 8.212794363498687744e-02 3.469184935092926025e-01 4.262747466564178467e-01
6.978537887334823608e-02 5.115292593836784363e-02 7.781955599784851074e-01 1.008661389350891113e-01
5.273665115237236023e-02 3.573898226022720337e-02 8.025562167167663574e-01 1.089681237936019897e-01
7.183950394392013550e-02 5.734428763389587402e-02 7.822390794754028320e-01 8.857714384794235229e-02
1.093786433339118958e-01 6.172217056155204773e-02 7.358734607696533203e-01 9.302569180727005005e-02
7.373391836881637573e-02 5.491013452410697937e-02 7.722007036209106445e-01 9.915518015623092651e-02
3.878238797187805176e-01 3.929146006703376770e-02 4.162463545799255371e-01 1.566383093595504761e-01
2.512997090816497803e-01 3.526828438043594360e-02 5.055623650550842285e-01 2.078697234392166138e-01
1.770648211240768433e-01 4.347444325685501099e-02 6.134850382804870605e-01 1.659756898880004883e-01
3.040691316127777100e-01 3.951345011591911316e-02 4.769429564476013184e-01 1.794745475053787231e-01
4.758664369583129883e-01 3.005522489547729492e-02 3.208323419094085693e-01 1.732459962368011475e-01
3.878238797187805176e-01 3.929146006703376770e-02 4.162463545799255371e-01 1.566383093595504761e-01
1.606641113758087158e-01 7.204199582338333130e-02 6.545655727386474609e-01 1.127282902598381042e-01
1.611303240060806274e-01 5.394929647445678711e-02 5.810596942901611328e-01 2.038606256246566772e-01
1.130206584930419922e-01 5.149463936686515808e-02 6.897702217102050781e-01 1.457145214080810547e-01
3.576792776584625244e-02 4.127129167318344116e-02 8.917450308799743652e-01 3.121584653854370117e-02
6.433385610580444336e-02 5.690715461969375610e-02 7.921259999275207520e-01 8.663304150104522705e-02
5.503223836421966553e-02 8.935577422380447388e-02 8.232192993164062500e-01 3.239269182085990906e-02
1.294212192296981812e-01 3.083624877035617828e-02 7.196758389472961426e-01 1.200666725635528564e-01
3.212657570838928223e-01 2.029996365308761597e-01 4.059693515300750732e-01 6.976523250341415405e-02
5.702150613069534302e-02 4.659637436270713806e-02 7.903077602386474609e-01 1.060743480920791626e-01
5.554794147610664368e-02 6.521143764257431030e-02 6.931164264678955078e-01 1.861242353916168213e-01
5.405246093869209290e-02 8.897227793931961060e-02 6.069786548614501953e-01 2.499965578317642212e-01
3.924722224473953247e-02 2.528006769716739655e-02 8.347655534744262695e-01 1.007071658968925476e-01
3.872799128293991089e-02 7.140929996967315674e-02 6.567452549934387207e-01 2.331174165010452271e-01
3.753833472728729248e-02 6.425251811742782593e-02 7.805210947990417480e-01 1.176881492137908936e-01
6.816865503787994385e-02 6.196602061390876770e-02 7.984211444854736328e-01 7.144410163164138794e-02
5.289604142308235168e-02 9.531947225332260132e-02 7.480102181434631348e-01 1.037742346525192261e-01
5.200112983584403992e-02 9.781005978584289551e-02 7.440848350524902344e-01 1.061040014028549194e-01
4.219194129109382629e-02 5.293433368206024170e-02 8.053594827651977539e-01 9.951429814100265503e-02
3.870978206396102905e-02 6.116379052400588989e-02 7.873421907424926758e-01 1.127842366695404053e-01
3.753833472728729248e-02 6.425251811742782593e-02 7.805210947990417480e-01 1.176881492137908936e-01
6.789135187864303589e-02 2.813871391117572784e-02 8.532713651657104492e-01 5.069855600595474243e-02
6.188883259892463684e-02 2.474136091768741608e-02 8.621785640716552734e-01 5.119121074676513672e-02
6.219218298792839050e-02 2.491203509271144867e-02 8.617228269577026367e-01 5.117293819785118103e-02
5.585607886314392090e-02 1.084775179624557495e-01 7.311500310897827148e-01 1.045163571834564209e-01
3.753833472728729248e-02 6.425251811742782593e-02 7.805210947990417480e-01 1.176881492137908936e-01
5.526215210556983948e-02 8.773470669984817505e-02 7.220860123634338379e-01 1.349171251058578491e-01
3.785555809736251831e-02 7.998009771108627319e-02 7.370907068252563477e-01 1.450736522674560547e-01
7.106404751539230347e-02 5.723257735371589661e-02 8.050438761711120605e-01 6.665950268507003784e-02
5.364726111292839050e-02 1.023432090878486633e-01 7.385639548301696777e-01 1.054455265402793884e-01
3.753833472728729248e-02 6.425251811742782593e-02 7.805210947990417480e-01 1.176881492137908936e-01
8.647019416093826294e-02 3.798690065741539001e-02 8.289937973022460938e-01 4.654909297823905945e-02
2.716542780399322510e-02 4.603796079754829407e-02 8.475421071052551270e-01 7.925446331501007080e-02
4.078127071261405945e-02 1.020755395293235779e-01 6.481763720512390137e-01 2.089667171239852905e-01
7.341963052749633789e-02 4.407120123505592346e-02 7.187844514846801758e-01 1.637247055768966675e-01
5.013937130570411682e-02 5.489568784832954407e-02 8.121012449264526367e-01 8.286369591951370239e-02
3.120296895503997803e-01 8.941436558961868286e-02 5.542742013931274414e-01 4.428179934620857239e-02
1.596788763999938965e-01 4.402038455009460449e-02 7.557621002197265625e-01 4.053865000605583191e-02
1.426865458488464355e-01 3.911519795656204224e-02 7.787763476371765137e-01 3.942183777689933777e-02
1.479619294404983521e-01 4.063436016440391541e-02 7.716144919395446777e-01 3.978919982910156250e-02
1.591814458370208740e-01 4.387630522251129150e-02 7.564336657524108887e-01 4.050861671566963196e-02
1.423707604408264160e-01 3.902437165379524231e-02 7.792055010795593262e-01 3.939924016594886780e-02
1.739230901002883911e-01 7.714632898569107056e-02 7.045354843139648438e-01 4.439507797360420227e-02
3.747257292270660400e-01 1.094227954745292664e-01 4.783319532871246338e-01 3.751952201128005981e-02
3.747256696224212646e-01 1.094227880239486694e-01 4.783320724964141846e-01 3.751952573657035828e-02
3.747034966945648193e-01 1.094157919287681580e-01 4.783607721328735352e-01 3.751995787024497986e-02
1.731928586959838867e-01 7.665821164846420288e-02 7.056893110275268555e-01 4.445956274867057800e-02
1.266541332006454468e-01 5.551179870963096619e-02 7.479410171508789062e-01 6.989309191703796387e-02
1.641903072595596313e-01 2.072393149137496948e-01 5.087444782257080078e-01 1.198259145021438599e-01
1.456353068351745605e-01 3.996394574642181396e-02 7.747712135314941406e-01 3.962955996394157410e-02
2.592841684818267822e-01 1.085170432925224304e-01 4.952334463596343994e-01 1.369653046131134033e-01
3.216947019100189209e-01 1.212492138147354126e-01 5.259761810302734375e-01 3.107986412942409515e-02
3.747257292270660400e-01 1.094227954745292664e-01 4.783319532871246338e-01 3.751952201128005981e-02
3.310579657554626465e-01 9.526303410530090332e-02 5.295614600181579590e-01 4.411748424172401428e-02
3.270001113414764404e-01 9.401043504476547241e-02 5.348037481307983398e-01 4.418569430708885193e-02
2.255323976278305054e-01 6.333716958761215210e-02 6.677860617637634277e-01 4.334434866905212402e-02
2.011672556400299072e-01 4.686114192008972168e-02 6.996411085128784180e-01 5.233047902584075928e-02
1.952977776527404785e-01 8.778063207864761353e-02 6.759581565856933594e-01 4.096345603466033936e-02
2.258847504854202271e-01 6.344178318977355957e-02 6.673195362091064453e-01 4.335387796163558960e-02
2.109784632921218872e-01 5.902446433901786804e-02 6.870902180671691895e-01 4.290691018104553223e-02
2.330302596092224121e-01 6.323324143886566162e-02 6.582877635955810547e-01 4.544876143336296082e-02
2.112608999013900757e-01 5.911103636026382446e-02 6.867144107818603516e-01 4.291368648409843445e-02
1.026988700032234192e-01 2.302905730903148651e-02 8.299645781517028809e-01 4.430751502513885498e-02
