1.459994554519653320e+00
1.582067489624023438e+00
1.193537235260009766e+00
1.260247468948364258e+00
2.936755895614624023e+00
1.937273502349853516e+00
2.455266952514648438e+00
2.865473985671997070e+00
1.839959859848022461e+00
2.800841569900512695e+00
1.586141824722290039e+00
8.698494434356689453e-01
2.139128446578979492e+00
6.112090349197387695e-01
2.193548202514648438e+00
1.155935049057006836e+00
9.831864237785339355e-01
4.602280259132385254e-01
6.809424161911010742e-01
6.458228230476379395e-01
9.402636885643005371e-01
8.275980353355407715e-01
1.017314672470092773e+00
7.788635492324829102e-01
1.081200361251831055e+00
1.808326721191406250e+00
1.249078512191772461e+00
1.770008563995361328e+00
1.399478435516357422e+00
1.375593900680541992e+00
1.399804592132568359e+00
7.746037840843200684e-01
2.340845346450805664e+00
1.383460044860839844e+00
1.183351993560791016e+00
7.750310301780700684e-01
1.211459398269653320e+00
1.829139471054077148e+00
1.410166025161743164e+00
7.790788412094116211e-01
1.116955280303955078e+00
1.458723306655883789e+00
7.746037840843200684e-01
1.410170316696166992e+00
2.242736101150512695e+00
1.635732889175415039e+00
1.410166025161743164e+00
1.410166025161743164e+00
1.077941179275512695e+00
2.690996170043945312e+00
1.427751779556274414e-02
1.147996783256530762e-01
2.442195415496826172e-01
-2.884926795959472656e-01
2.538865804672241211e-02
2.270241379737854004e-01
6.574656963348388672e-01
1.983694791793823242e+00
2.710491180419921875e+00
2.493277072906494141e+00
1.641407489776611328e+00
1.763457298278808594e+00
7.595271468162536621e-01
3.255944490432739258e+00
1.918204069137573242e+00
1.726256847381591797e+00
1.582293510437011719e+00
9.918052554130554199e-01
1.580420970916748047e+00
2.227702856063842773e+00
1.561702728271484375e+00
2.352684736251831055e+00
1.848381519317626953e+00
1.690670013427734375e+00
3.002060651779174805e+00
2.695418119430541992e+00
1.690670013427734375e+00
3.280416727066040039e+00
1.317596673965454102e+00
1.619529008865356445e+00
1.534788370132446289e+00
2.582698583602905273e+00
3.399373292922973633e+00
1.773388624191284180e+00
1.842030048370361328e+00
2.639606237411499023e+00
3.612254142761230469e+00
3.271768808364868164e+00
3.464683771133422852e+00
2.915465593338012695e+00
1.397882699966430664e+00
3.673298597335815430e+00
2.855154275894165039e+00
2.140617132186889648e+00
2.063389778137207031e+00
2.148075103759765625e+00
1.978808403015136719e+00
2.133116722106933594e+00
2.741382122039794922e+00
4.263499736785888672e+00
1.041725635528564453e+00
2.584483861923217773e+00
2.407223463058471680e+00
3.045947790145874023e+00
-4.357308149337768555e-02
6.257027387619018555e-01
1.697347402572631836e+00
3.099306821823120117e+00
1.397931098937988281e+00
1.205927371978759766e+00
1.397931098937988281e+00
3.365908384323120117e+00
1.738498210906982422e+00
1.205927371978759766e+00
1.262396574020385742e+00
1.397931098937988281e+00
2.094224214553833008e+00
2.372593402862548828e+00
1.205927371978759766e+00
2.501067876815795898e+00
2.276017904281616211e+00
1.178896665573120117e+00
7.999303936958312988e-01
8.109057545661926270e-01
2.496728897094726562e+00
2.142329216003417969e+00
1.888328075408935547e+00
3.059975385665893555e+00
2.025754690170288086e+00
2.524486064910888672e+00
3.660006761550903320e+00
2.983223438262939453e+00
2.490971326828002930e+00
1.253707885742187500e+00
3.247090101242065430e+00
2.457050085067749023e+00
2.394054889678955078e+00
2.394041299819946289e+00
3.201627969741821289e+00
2.378240823745727539e+00
3.201378583908081055e+00
4.441610574722290039e-01
7.083400487899780273e-01
9.899737238883972168e-01
1.081633329391479492e+00
7.188235521316528320e-01
1.071017146110534668e+00
2.030872821807861328e+00
2.074337482452392578e+00
2.291697263717651367e+00
1.555151462554931641e+00
2.753874778747558594e+00
2.072667121887207031e+00
1.922026395797729492e+00
2.010229349136352539e+00
1.872794866561889648e+00
2.056544065475463867e+00
2.138201951980590820e+00
1.973249912261962891e+00
2.094228506088256836e+00
1.743961334228515625e+00
1.837546825408935547e+00
2.089441776275634766e+00
2.089441776275634766e+00
1.743961334228515625e+00
2.072595834732055664e+00
2.126010656356811523e+00
2.181569576263427734e+00
2.346695899963378906e+00
2.126010656356811523e+00
2.126010656356811523e+00
1.780530214309692383e+00
2.126010656356811523e+00
1.780530452728271484e+00
2.126010656356811523e+00
2.126010656356811523e+00
2.346695899963378906e+00
2.346695899963378906e+00
1.853652000427246094e+00
1.852425813674926758e+00
1.182704806327819824e+00
1.929357051849365234e+00
1.372606754302978516e+00
1.281605720520019531e+00
1.333518981933593750e+00
1.328517436981201172e+00
1.664358139038085938e+00
1.556935548782348633e+00
1.333606243133544922e+00
1.767967700958251953e+00
1.767989397048950195e+00
1.333606243133544922e+00
2.675152301788330078e+00
2.788467168807983398e+00
1.385228633880615234e+00
1.612411975860595703e+00
4.672374725341796875e-01
1.975514888763427734e+00
1.761363983154296875e+00
1.812100172042846680e+00
1.664362192153930664e+00
2.110166311264038086e+00
1.725336074829101562e+00
2.007376670837402344e+00
1.794010639190673828e+00
1.333606243133544922e+00
1.544045448303222656e+00
1.657719850540161133e+00
2.112016916275024414e+00
