2.056305408477783203e+00
1.533604383468627930e+00
1.825226545333862305e+00
1.730310678482055664e+00
2.832211017608642578e+00
2.051898241043090820e+00
2.411533832550048828e+00
1.607490301132202148e+00
2.558685779571533203e+00
1.898640632629394531e+00
1.470567703247070312e+00
2.416826486587524414e+00
1.948852062225341797e+00
1.434561014175415039e+00
1.637285947799682617e+00
2.650264024734497070e+00
1.694494962692260742e+00
1.694494962692260742e+00
1.884452342987060547e+00
2.483144998550415039e+00
2.658203601837158203e+00
2.123671293258666992e+00
2.711675643920898438e+00
2.470424175262451172e+00
2.666263580322265625e+00
2.258440256118774414e+00
1.916095256805419922e+00
1.856677770614624023e+00
1.685215711593627930e+00
1.685215711593627930e+00
1.685215711593627930e+00
2.035472631454467773e+00
2.553582191467285156e+00
2.382132053375244141e+00
2.493955135345458984e+00
2.035472631454467773e+00
2.331538438796997070e+00
2.141581296920776367e+00
2.678197860717773438e+00
2.035472631454467773e+00
2.035472631454467773e+00
2.035472631454467773e+00
2.226102113723754883e+00
2.331511259078979492e+00
2.499418735504150391e+00
2.312071084976196289e+00
2.678197860717773438e+00
2.678197860717773438e+00
2.400588035583496094e+00
2.679699182510375977e+00
1.593508720397949219e+00
1.653883457183837891e+00
1.828446388244628906e+00
1.653883457183837891e+00
1.653883457183837891e+00
2.087363481521606445e+00
1.487069129943847656e+00
2.606925964355468750e+00
2.357143878936767578e+00
2.882776737213134766e+00
2.873624801635742188e+00
1.609918832778930664e+00
2.393881797790527344e+00
3.429635047912597656e+00
1.611110687255859375e+00
1.508233547210693359e+00
1.675936937332153320e+00
1.201514244079589844e+00
2.639944076538085938e+00
1.603094100952148438e+00
2.244687080383300781e+00
1.599959373474121094e+00
2.327785253524780273e+00
2.495753526687622070e+00
2.722716569900512695e+00
2.521995544433593750e+00
2.710293531417846680e+00
2.817546367645263672e+00
2.495753526687622070e+00
2.495753526687622070e+00
2.376116037368774414e+00
2.084201097488403320e+00
2.934335708618164062e+00
3.211118459701538086e+00
3.291605472564697266e+00
3.382582187652587891e+00
3.211118698120117188e+00
3.110399246215820312e+00
2.673465967178344727e+00
3.368863344192504883e+00
2.710478305816650391e+00
3.055633783340454102e+00
3.125487089157104492e+00
3.154210090637207031e+00
3.199013233184814453e+00
3.558993816375732422e+00
2.769216060638427734e+00
2.752534389495849609e+00
2.757923364639282227e+00
3.015851974487304688e+00
2.867179870605468750e+00
2.380083799362182617e+00
2.506289482116699219e+00
2.493415594100952148e+00
1.652597427368164062e+00
2.497226715087890625e+00
1.493230104446411133e+00
1.771188259124755859e+00
2.710303306579589844e+00
2.710303306579589844e+00
2.460882663726806641e+00
2.961620092391967773e+00
2.592309713363647461e+00
2.460882663726806641e+00
2.760121345520019531e+00
2.460882663726806641e+00
2.760129928588867188e+00
3.258970975875854492e+00
3.117607831954956055e+00
2.608685016632080078e+00
2.314512968063354492e+00
2.866597414016723633e+00
2.501703500747680664e+00
2.310692548751831055e+00
2.474021434783935547e+00
2.479515075683593750e+00
2.209429979324340820e+00
3.023707389831542969e+00
2.967879056930541992e+00
2.996795892715454102e+00
2.307635068893432617e+00
1.288146018981933594e+00
3.346245288848876953e+00
3.199569225311279297e+00
2.783965826034545898e+00
3.375707149505615234e+00
3.349942207336425781e+00
2.927182197570800781e+00
3.339327812194824219e+00
3.015643596649169922e+00
3.435520172119140625e+00
2.369996070861816406e+00
2.868786811828613281e+00
1.809814453125000000e+00
1.912802457809448242e+00
2.124788999557495117e+00
1.912802457809448242e+00
1.101908922195434570e+00
1.872874498367309570e+00
1.929769277572631836e+00
2.965006589889526367e+00
2.241836309432983398e+00
1.831406116485595703e+00
2.269110202789306641e+00
1.968010663986206055e+00
1.913032770156860352e+00
2.201658487319946289e+00
1.732705593109130859e+00
3.052261829376220703e+00
3.485743761062622070e+00
2.164027929306030273e+00
2.262899637222290039e+00
2.336665391921997070e+00
2.533122539520263672e+00
2.164027929306030273e+00
2.164027929306030273e+00
3.015240907669067383e+00
2.047492265701293945e+00
1.562368392944335938e+00
2.599265098571777344e+00
2.636407852172851562e+00
2.047492265701293945e+00
2.700231075286865234e+00
2.599265098571777344e+00
2.773279905319213867e+00
2.302738904953002930e+00
2.357303619384765625e+00
2.201876401901245117e+00
2.040698766708374023e+00
1.374971151351928711e+00
1.564919710159301758e+00
1.403737545013427734e+00
1.888392925262451172e+00
1.888392448425292969e+00
1.888392925262451172e+00
1.638972520828247070e+00
1.888392925262451172e+00
1.638972520828247070e+00
1.888392925262451172e+00
1.608102321624755859e+00
1.832926511764526367e+00
1.888390302658081055e+00
1.548014640808105469e+00
1.901111364364624023e+00
3.418788909912109375e+00
1.224013090133666992e+00
1.495925903320312500e+00
1.502717494964599609e+00
1.832926511764526367e+00
1.888392925262451172e+00
1.888392925262451172e+00
1.888236999511718750e+00
1.888392686843872070e+00
1.502717494964599609e+00
1.888392925262451172e+00
1.888392925262451172e+00
1.888392925262451172e+00
1.888392925262451172e+00
1.888392925262451172e+00
