Confusion matrix:
9.000000000000000000e+00 3.000000000000000000e+00 2.600000000000000000e+01 1.100000000000000000e+01
9.000000000000000000e+00 2.000000000000000000e+00 8.000000000000000000e+00 4.000000000000000000e+00
1.400000000000000000e+01 0.000000000000000000e+00 6.800000000000000000e+01 1.400000000000000000e+01
9.000000000000000000e+00 0.000000000000000000e+00 2.200000000000000000e+01 1.000000000000000000e+01

             precision    recall  f1-score   support

          0       0.22      0.18      0.20        49
          1       0.40      0.09      0.14        23
          2       0.55      0.71      0.62        96
          3       0.26      0.24      0.25        41

avg / total       0.40      0.43      0.40       209

Accuracy: 0.4258373205741627%