1.866289854049682617e+00
7.613357305526733398e-01
2.058453321456909180e+00
6.399559974670410156e-01
2.633846998214721680e+00
2.455135107040405273e+00
1.215611934661865234e+00
3.150935649871826172e+00
2.878798007965087891e+00
2.511758804321289062e+00
1.970037937164306641e+00
1.785659313201904297e+00
1.815994501113891602e+00
5.639234781265258789e-01
1.495424985885620117e+00
1.140100717544555664e+00
9.700730443000793457e-01
9.599900841712951660e-01
9.680262804031372070e-01
8.604837656021118164e-01
1.011055469512939453e+00
7.295740246772766113e-01
5.617837905883789062e-01
9.204200506210327148e-01
1.032983303070068359e+00
1.545383691787719727e+00
1.501443147659301758e+00
2.465118169784545898e+00
8.462521433830261230e-01
6.364430189132690430e-01
7.805659174919128418e-01
2.770319223403930664e+00
2.345396995544433594e+00
2.005858898162841797e+00
1.646871089935302734e+00
1.937800884246826172e+00
1.722176313400268555e+00
1.825101613998413086e+00
1.461703300476074219e+00
1.238142371177673340e+00
2.209882974624633789e+00
1.633063554763793945e+00
1.785880565643310547e+00
1.453784942626953125e+00
2.598715066909790039e+00
2.212693452835083008e+00
1.706148386001586914e+00
1.732339859008789062e+00
1.799037218093872070e+00
1.836262702941894531e+00
7.979086637496948242e-01
5.412116646766662598e-01
1.670839548110961914e+00
1.072450757026672363e+00
9.929461479187011719e-01
1.054502964019775391e+00
1.016673803329467773e+00
1.188816547393798828e+00
1.771727561950683594e+00
1.619329690933227539e+00
1.098562240600585938e+00
1.088835597038269043e+00
3.344097733497619629e-01
1.624003648757934570e+00
9.476165771484375000e-01
1.328990459442138672e+00
1.377105712890625000e+00
1.968412101268768311e-01
1.431200027465820312e+00
3.962063193321228027e-01
1.768271923065185547e+00
2.163688182830810547e+00
1.618170499801635742e+00
1.519374608993530273e+00
1.997265815734863281e+00
1.833432197570800781e+00
1.588474988937377930e+00
2.538574218750000000e+00
1.283758640289306641e+00
1.481734037399291992e+00
1.815743684768676758e+00
1.678930521011352539e+00
1.605255126953125000e+00
2.076505899429321289e+00
2.449828624725341797e+00
2.847162246704101562e+00
3.537544965744018555e+00
3.590897083282470703e+00
4.674382209777832031e+00
2.744186401367187500e+00
1.842828750610351562e+00
2.801942586898803711e+00
2.689707279205322266e+00
2.442603588104248047e+00
2.148936510086059570e+00
2.465214490890502930e+00
1.691477060317993164e+00
1.252528905868530273e+00
3.540873289108276367e+00
3.774870872497558594e+00
2.462503433227539062e+00
2.883128166198730469e+00
2.062752246856689453e+00
2.891875743865966797e+00
5.358487367630004883e-01
3.574185371398925781e-01
2.638916254043579102e+00
1.393786907196044922e+00
7.252335548400878906e-01
8.556770086288452148e-01
1.332885742187500000e+00
2.371526956558227539e+00
2.271338701248168945e+00
6.362511515617370605e-01
1.020860195159912109e+00
1.631733179092407227e+00
1.508903980255126953e+00
1.398170948028564453e+00
9.912631511688232422e-01
1.534749746322631836e+00
1.623647928237915039e+00
1.603447437286376953e+00
1.419340610504150391e+00
1.634556055068969727e+00
2.813036441802978516e+00
1.429311513900756836e+00
2.003119230270385742e+00
3.128101825714111328e+00
2.023164272308349609e+00
2.692831993103027344e+00
3.852275848388671875e+00
2.349946260452270508e+00
2.983621597290039062e+00
1.630207538604736328e+00
2.504898786544799805e+00
2.444504499435424805e+00
2.058606624603271484e+00
1.973818778991699219e+00
2.353902578353881836e+00
1.971626043319702148e+00
2.014019966125488281e+00
1.263982534408569336e+00
1.305796384811401367e+00
1.457293987274169922e+00
1.460104465484619141e+00
1.225196003913879395e+00
1.183532953262329102e+00
2.594129800796508789e+00
2.253610372543334961e+00
2.997757673263549805e+00
2.398627042770385742e+00
1.680517673492431641e+00
1.375261545181274414e+00
1.478810071945190430e+00
1.439605474472045898e+00
1.976742506027221680e+00
2.137908458709716797e+00
2.040694713592529297e+00
2.583371639251708984e+00
2.815011978149414062e+00
1.950428962707519531e+00
2.303595542907714844e+00
1.688152074813842773e+00
1.758321285247802734e+00
1.973818778991699219e+00
1.951159954071044922e+00
2.119400978088378906e+00
2.086009979248046875e+00
2.104283094406127930e+00
1.856997013092041016e+00
2.621138572692871094e+00
1.694730520248413086e+00
2.480212926864624023e+00
2.094422340393066406e+00
1.859920740127563477e+00
1.535150051116943359e+00
1.764168739318847656e+00
3.166512489318847656e+00
2.042884111404418945e+00
1.469228029251098633e+00
2.261360168457031250e+00
1.976984500885009766e+00
1.143520593643188477e+00
9.492494463920593262e-01
1.081089973449707031e+00
9.173122048377990723e-01
1.366350173950195312e+00
1.273012638092041016e+00
1.550338745117187500e+00
1.018988847732543945e+00
1.078235626220703125e+00
9.231596589088439941e-01
2.065493822097778320e+00
1.905364990234375000e+00
2.217954397201538086e+00
5.612696409225463867e-01
2.170213222503662109e+00
9.730303883552551270e-01
9.218652844429016113e-01
1.743196964263916016e+00
1.147725105285644531e+00
1.822891712188720703e+00
1.903491735458374023e+00
2.019575595855712891e+00
2.094040870666503906e+00
1.301518917083740234e+00
1.970958709716796875e+00
1.497028112411499023e+00
1.611546039581298828e+00
