1.198781251907348633e+00
1.583299875259399414e+00
1.419658184051513672e+00
1.725345134735107422e+00
2.439340829849243164e+00
1.550300121307373047e+00
1.691829681396484375e+00
1.197440624237060547e+00
3.131547451019287109e+00
2.094342470169067383e+00
1.189238786697387695e+00
2.336145639419555664e+00
2.396723270416259766e+00
2.212022542953491211e+00
1.666615962982177734e+00
2.206893920898437500e+00
1.502254962921142578e+00
1.737856388092041016e+00
1.916995286941528320e+00
2.184808492660522461e+00
2.009817838668823242e+00
2.384661674499511719e+00
2.382714033126831055e+00
2.342899084091186523e+00
2.337771654129028320e+00
2.550831317901611328e+00
2.567214727401733398e+00
2.980393648147583008e+00
2.411948204040527344e+00
1.976503849029541016e+00
1.979864358901977539e+00
3.395522117614746094e+00
3.135664939880371094e+00
3.163641452789306641e+00
3.520918130874633789e+00
3.190615177154541016e+00
3.085369586944580078e+00
3.007241725921630859e+00
3.483263492584228516e+00
3.147573232650756836e+00
3.249500274658203125e+00
3.167212009429931641e+00
3.153253793716430664e+00
3.154065370559692383e+00
3.307605028152465820e+00
3.490046501159667969e+00
3.195452928543090820e+00
3.153253793716430664e+00
3.156175374984741211e+00
2.850694894790649414e+00
1.139998674392700195e+00
1.506901979446411133e+00
1.209140062332153320e+00
1.945041418075561523e+00
1.506660223007202148e+00
1.987212896347045898e+00
1.872880935668945312e+00
3.125846385955810547e+00
2.616505146026611328e+00
2.414425611495971680e+00
2.512536287307739258e+00
2.274410009384155273e+00
1.695012092590332031e+00
3.278434276580810547e+00
1.658643960952758789e+00
2.009802103042602539e+00
1.868760108947753906e+00
1.040245532989501953e+00
2.222025394439697266e+00
6.301913857460021973e-01
2.859814882278442383e+00
1.974333763122558594e+00
2.639207124710083008e+00
2.581112384796142578e+00
2.599769353866577148e+00
2.928778886795043945e+00
2.912355899810791016e+00
3.041275024414062500e+00
2.524282693862915039e+00
2.497606277465820312e+00
2.518115043640136719e+00
2.174715042114257812e+00
2.859882831573486328e+00
3.222286701202392578e+00
4.052145957946777344e+00
3.370601177215576172e+00
2.946301937103271484e+00
3.094992160797119141e+00
2.633895635604858398e+00
3.366543769836425781e+00
3.115819931030273438e+00
4.045004367828369141e+00
2.532086849212646484e+00
3.102662324905395508e+00
3.061036348342895508e+00
3.105614185333251953e+00
3.181097269058227539e+00
3.553261756896972656e+00
2.269126415252685547e+00
3.638768434524536133e+00
2.398739099502563477e+00
2.376433610916137695e+00
2.614272117614746094e+00
2.572663545608520508e+00
2.738755464553833008e+00
1.968021631240844727e+00
1.613802433013916016e+00
2.038834095001220703e+00
3.092364549636840820e+00
2.816871881484985352e+00
2.990381240844726562e+00
3.770465850830078125e+00
3.595365285873413086e+00
2.878151893615722656e+00
2.003626585006713867e+00
2.045290946960449219e+00
2.268581628799438477e+00
2.104481458663940430e+00
2.550539016723632812e+00
3.639039039611816406e+00
2.357748746871948242e+00
3.657523155212402344e+00
3.079431772232055664e+00
2.789180755615234375e+00
3.220706224441528320e+00
2.231925487518310547e+00
2.692887544631958008e+00
2.788606166839599609e+00
2.498335599899291992e+00
3.051014900207519531e+00
3.469663619995117188e+00
1.541244506835937500e+00
3.291580200195312500e+00
3.264999628067016602e+00
2.977924346923828125e+00
3.119647264480590820e+00
2.845095396041870117e+00
2.821915626525878906e+00
3.051373720169067383e+00
2.803034782409667969e+00
2.644578456878662109e+00
2.183924913406372070e+00
2.627874612808227539e+00
2.183437824249267578e+00
2.184087038040161133e+00
2.185547828674316406e+00
2.176296472549438477e+00
2.211191892623901367e+00
1.902880907058715820e+00
2.011400461196899414e+00
2.267484664916992188e+00
1.410928726196289062e+00
2.099080562591552734e+00
2.284231901168823242e+00
2.079632759094238281e+00
2.431562423706054688e+00
1.450845956802368164e+00
1.927708148956298828e+00
1.967721939086914062e+00
2.042107582092285156e+00
2.000533342361450195e+00
2.137030839920043945e+00
2.000370979309082031e+00
2.015952110290527344e+00
2.005727052688598633e+00
2.000695466995239258e+00
2.516586303710937500e+00
1.618115425109863281e+00
1.622172832489013672e+00
2.069571256637573242e+00
2.571099519729614258e+00
2.422287702560424805e+00
2.809724330902099609e+00
2.452963113784790039e+00
2.835936069488525391e+00
2.400159597396850586e+00
2.017250537872314453e+00
2.175330400466918945e+00
1.548312187194824219e+00
1.047971725463867188e+00
1.617569446563720703e+00
1.233266115188598633e+00
1.721592187881469727e+00
1.590155124664306641e+00
1.598108053207397461e+00
1.668519496917724609e+00
1.742529392242431641e+00
1.586259841918945312e+00
1.748859167098999023e+00
2.059308528900146484e+00
2.152794837951660156e+00
2.213119268417358398e+00
1.719157457351684570e+00
2.024143457412719727e+00
1.729186534881591797e+00
2.075360298156738281e+00
2.210426807403564453e+00
2.134067058563232422e+00
2.121226549148559570e+00
2.628207683563232422e+00
1.770283222198486328e+00
2.212054967880249023e+00
2.200576066970825195e+00
1.965573549270629883e+00
2.539093494415283203e+00
2.089046716690063477e+00
1.736848592758178711e+00
1.717209815979003906e+00
1.727705478668212891e+00
