Confusion matrix:
5.000000000000000000e+00 1.000000000000000000e+00 3.200000000000000000e+01 1.100000000000000000e+01
6.000000000000000000e+00 1.000000000000000000e+00 1.400000000000000000e+01 2.000000000000000000e+00
5.000000000000000000e+00 1.000000000000000000e+00 8.100000000000000000e+01 9.000000000000000000e+00
2.000000000000000000e+00 0.000000000000000000e+00 3.300000000000000000e+01 6.000000000000000000e+00

             precision    recall  f1-score   support

          0       0.28      0.10      0.15        49
          1       0.33      0.04      0.08        23
          2       0.51      0.84      0.63        96
          3       0.21      0.15      0.17        41

avg / total       0.38      0.44      0.37       209

Accuracy: 0.4449760765550239%