4.441874474287033081e-02 5.254751816391944885e-02 6.113086342811584473e-01 2.917251586914062500e-01
1.131138578057289124e-01 7.541541755199432373e-02 5.614560246467590332e-01 2.500146329402923584e-01
2.058441340923309326e-01 9.191297739744186401e-02 6.034960150718688965e-01 9.874682128429412842e-02
2.509584128856658936e-01 1.364132016897201538e-01 4.971986413002014160e-01 1.154297366738319397e-01
2.302429378032684326e-01 1.045385226607322693e-01 4.346644282341003418e-01 2.305541634559631348e-01
3.082405030727386475e-01 4.680339619517326355e-02 5.104000568389892578e-01 1.345560550689697266e-01
3.183853924274444580e-01 1.631418019533157349e-01 3.493719696998596191e-01 1.691008359193801880e-01
1.379150152206420898e-01 1.755816303193569183e-02 6.513907313346862793e-01 1.931360661983489990e-01
2.511212825775146484e-01 6.904385238885879517e-02 3.569135665893554688e-01 3.229212760925292969e-01
3.502489626407623291e-01 9.811440110206604004e-02 4.378715455532073975e-01 1.137650758028030396e-01
2.066376209259033203e-01 1.402960568666458130e-01 3.861161768436431885e-01 2.669501006603240967e-01
3.284920454025268555e-01 5.960198864340782166e-02 3.872581124305725098e-01 2.246478497982025146e-01
1.666638702154159546e-01 6.174965202808380127e-02 3.539865612983703613e-01 4.175999760627746582e-01
1.068161651492118835e-01 3.870002031326293945e-01 1.078287810087203979e-01 3.983547985553741455e-01
9.757888317108154297e-02 3.100478649139404297e-01 1.244028732180595398e-01 4.679703414440155029e-01
1.869836747646331787e-01 6.478884816169738770e-02 2.257253229618072510e-01 5.225022435188293457e-01
1.636206954717636108e-01 3.384611308574676514e-01 1.566722691059112549e-01 3.412459492683410645e-01
2.487425655126571655e-01 2.751370966434478760e-01 1.628486812114715576e-01 3.132716715335845947e-01
2.662937641143798828e-01 2.285806089639663696e-01 1.603094786405563354e-01 3.448161780834197998e-01
1.996992826461791992e-01 1.088066324591636658e-01 5.195191502571105957e-01 1.719749718904495239e-01
1.867365688085556030e-01 9.256172925233840942e-02 5.487293004989624023e-01 1.719724386930465698e-01
1.946987360715866089e-01 7.958258688449859619e-02 6.055545806884765625e-01 1.201640963554382324e-01
2.136681675910949707e-01 1.029649600386619568e-01 5.188691020011901855e-01 1.644977331161499023e-01
2.110327333211898804e-01 1.082321554422378540e-01 5.149860978126525879e-01 1.657489836215972900e-01
1.836457550525665283e-01 9.082417935132980347e-02 5.537471175193786621e-01 1.717829555273056030e-01
2.744534313678741455e-01 7.282587885856628418e-02 2.896826863288879395e-01 3.630380332469940186e-01
2.547720968723297119e-01 1.060695946216583252e-01 2.779717743396759033e-01 3.611865043640136719e-01
3.413420021533966064e-01 3.523242846131324768e-02 4.748958051204681396e-01 1.485297083854675293e-01
2.280415445566177368e-01 7.981124520301818848e-02 4.106951057910919189e-01 2.814520597457885742e-01
2.012270689010620117e-01 7.090200483798980713e-02 4.211562275886535645e-01 3.067147135734558105e-01
1.924172937870025635e-01 6.804538518190383911e-02 4.240783751010894775e-01 3.154588937759399414e-01
2.525559365749359131e-01 1.514889299869537354e-02 6.733406186103820801e-01 5.895455926656723022e-02
4.115823209285736084e-01 4.334815964102745056e-02 3.429643809795379639e-01 2.021051496267318726e-01
2.901120483875274658e-01 7.141136378049850464e-02 3.972666263580322266e-01 2.412099540233612061e-01
2.745122015476226807e-01 4.937653616070747375e-02 4.380370676517486572e-01 2.380741089582443237e-01
3.438549041748046875e-01 3.845117986202239990e-02 3.797332346439361572e-01 2.379607111215591431e-01
2.912065684795379639e-01 5.701527372002601624e-02 3.979442417621612549e-01 2.538339495658874512e-01
2.343414425849914551e-01 7.344529032707214355e-02 5.756026506423950195e-01 1.166106685996055603e-01
2.657228410243988037e-01 6.115174293518066406e-02 4.175443649291992188e-01 2.555811107158660889e-01
2.963328361511230469e-01 5.864852294325828552e-02 5.041867494583129883e-01 1.408319026231765747e-01
3.570481836795806885e-01 3.045003861188888550e-02 3.859468102455139160e-01 2.265549451112747192e-01
3.344190418720245361e-01 4.507769271731376648e-02 3.747368454933166504e-01 2.457664608955383301e-01
2.967497408390045166e-01 5.508758127689361572e-02 3.945961594581604004e-01 2.535665333271026611e-01
2.595484852790832520e-01 6.326999515295028687e-02 4.205023944377899170e-01 2.566791474819183350e-01
3.019376397132873535e-01 3.047082014381885529e-02 4.446701407432556152e-01 2.229214310646057129e-01
1.789386868476867676e-01 3.357556462287902832e-02 3.824019432067871094e-01 4.050838053226470947e-01
2.749491333961486816e-01 5.178212374448776245e-02 4.252855181694030762e-01 2.479831874370574951e-01
2.641139030456542969e-01 6.290311366319656372e-02 4.161374270915985107e-01 2.568455040454864502e-01
2.648771405220031738e-01 6.206789612770080566e-02 4.168069064617156982e-01 2.562480568885803223e-01
1.351197212934494019e-01 6.645632535219192505e-02 5.930999517440795898e-01 2.053240090608596802e-01
5.498525500297546387e-01 2.223970890045166016e-01 1.370098888874053955e-01 9.074047952890396118e-02
6.069615483283996582e-01 1.478057652711868286e-01 1.330310106277465820e-01 1.122016981244087219e-01
6.013451218605041504e-01 1.655617654323577881e-01 1.453762650489807129e-01 8.771688491106033325e-02
5.861743688583374023e-01 2.175313234329223633e-01 8.060082048177719116e-02 1.156934499740600586e-01
5.734007954597473145e-01 1.875252723693847656e-01 9.772068262100219727e-02 1.413532048463821411e-01
5.046460628509521484e-01 3.052287101745605469e-01 1.270070821046829224e-01 6.311815232038497925e-02
4.554468691349029541e-01 4.033467173576354980e-01 9.271673113107681274e-02 4.848973825573921204e-02
3.185620605945587158e-01 1.399730592966079712e-01 4.089793562889099121e-01 1.324855983257293701e-01
3.156777024269104004e-01 4.918843507766723633e-02 5.515772104263305664e-01 8.355660736560821533e-02
2.351693958044052124e-01 4.528271406888961792e-02 6.211432814598083496e-01 9.840460121631622314e-02
2.512259781360626221e-01 7.169785350561141968e-02 5.329619646072387695e-01 1.441142559051513672e-01
3.436037600040435791e-01 1.061867848038673401e-01 3.986603617668151855e-01 1.515490561723709106e-01
2.936284840106964111e-01 1.246822699904441833e-01 3.350991606712341309e-01 2.465901374816894531e-01
2.305676788091659546e-01 1.233093962073326111e-01 4.260493814945220947e-01 2.200735211372375488e-01
3.751042187213897705e-01 5.441299080848693848e-02 4.670681655406951904e-01 1.034146398305892944e-01
4.118005931377410889e-01 4.917196929454803467e-02 4.395603835582733154e-01 9.946704655885696411e-02
4.605447947978973389e-01 4.663962498307228088e-02 3.979807794094085693e-01 9.483473002910614014e-02
4.748504757881164551e-01 6.727717071771621704e-02 2.896556854248046875e-01 1.682166606187820435e-01
3.328097760677337646e-01 5.468233674764633179e-02 4.756445586681365967e-01 1.368633657693862915e-01
3.989079892635345459e-01 6.861659139394760132e-02 3.823516368865966797e-01 1.501237601041793823e-01
3.269427716732025146e-01 5.300713703036308289e-02 4.852568507194519043e-01 1.347931772470474243e-01
1.115366220474243164e-01 3.045198023319244385e-01 2.920459508895874023e-01 2.918976247310638428e-01
1.373246312141418457e-01 9.774298965930938721e-02 6.877175569534301758e-01 7.721483707427978516e-02
1.704445481300354004e-01 5.331332236528396606e-02 6.649450063705444336e-01 1.112971007823944092e-01
1.344870328903198242e-01 7.831762731075286865e-02 6.754657626152038574e-01 1.117295324802398682e-01
1.578845381736755371e-01 7.248437404632568359e-02 5.952499508857727051e-01 1.743811964988708496e-01
1.035802811384201050e-01 1.031927242875099182e-01 6.226071715354919434e-01 1.706198751926422119e-01
1.611711829900741577e-01 6.555032730102539062e-02 6.020339727401733398e-01 1.712444871664047241e-01
1.666893064975738525e-01 6.758716702461242676e-02 5.905069112777709961e-01 1.752166152000427246e-01
1.562183201313018799e-01 7.657598704099655151e-02 6.013996005058288574e-01 1.658060103654861450e-01
1.711489409208297729e-01 6.861103326082229614e-02 5.772649645805358887e-01 1.829750835895538330e-01
2.462058067321777344e-01 8.994928002357482910e-02 4.622705876827239990e-01 2.015743255615234375e-01
7.229675352573394775e-02 4.589491710066795349e-02 5.485154986381530762e-01 3.332928419113159180e-01
5.184071063995361328e-01 9.647796303033828735e-02 1.768656969070434570e-01 2.082492113113403320e-01
5.514804720878601074e-01 9.033402055501937866e-02 1.600672602653503418e-01 1.981183141469955444e-01
3.504870533943176270e-01 7.283639162778854370e-02 1.909998357295989990e-01 3.856766819953918457e-01
1.551255583763122559e-01 1.058595329523086548e-01 2.239882946014404297e-01 5.150265693664550781e-01
4.921148717403411865e-02 6.996998190879821777e-02 6.178228259086608887e-01 2.629957199096679688e-01
2.319278120994567871e-01 3.997291624546051025e-02 3.963760733604431152e-01 3.317231535911560059e-01
3.415445983409881592e-01 7.247944921255111694e-02 1.830630749464035034e-01 4.029129147529602051e-01
5.606691837310791016e-01 8.124342560768127441e-02 1.799483746290206909e-01 1.781389564275741577e-01
5.228287354111671448e-02 5.796989798545837402e-02 1.908145248889923096e-01 6.989326477050781250e-01
3.453872203826904297e-01 4.582591727375984192e-02 4.198405444622039795e-01 1.889463514089584351e-01
1.133550181984901428e-01 4.026310518383979797e-02 3.157093822956085205e-01 5.306725502014160156e-01
1.022017970681190491e-01 4.913268983364105225e-02 3.117374181747436523e-01 5.369281768798828125e-01
1.168726459145545959e-01 5.219262465834617615e-02 5.530644059181213379e-01 2.778703272342681885e-01
1.959348022937774658e-01 8.581759035587310791e-02 5.460664629936218262e-01 1.721811592578887939e-01
3.301358222961425781e-01 8.525187522172927856e-02 4.098286926746368408e-01 1.747836470603942871e-01
1.345023959875106812e-01 2.135138213634490967e-02 6.281262636184692383e-01 2.160199582576751709e-01
3.674557805061340332e-02 7.901658117771148682e-02 3.118744790554046631e-01 5.723633766174316406e-01
1.709788888692855835e-01 7.051717489957809448e-02 5.157445073127746582e-01 2.427593767642974854e-01
1.946788579225540161e-01 1.781876236200332642e-01 2.307691127061843872e-01 3.963643610477447510e-01
9.162673354148864746e-02 9.604675322771072388e-02 5.255947113037109375e-01 2.867318689823150635e-01
8.423576503992080688e-02 3.993580639362335205e-01 4.110221862792968750e-01 1.053839996457099915e-01
4.062530770897865295e-02 1.976726055145263672e-01 4.626345336437225342e-01 2.990675568580627441e-01
4.133651852607727051e-01 1.074031740427017212e-01 2.895574569702148438e-01 1.896741688251495361e-01
1.677874773740768433e-01 2.737774550914764404e-01 3.482044041156768799e-01 2.102306932210922241e-01
4.500457942485809326e-01 9.419888257980346680e-02 2.692916393280029297e-01 1.864636689424514771e-01
3.196533024311065674e-01 2.368536591529846191e-01 2.379503250122070312e-01 2.055426836013793945e-01
1.606360822916030884e-01 2.457376569509506226e-01 3.034681379795074463e-01 2.901581227779388428e-01
1.603006571531295776e-01 2.354601472616195679e-01 3.108130395412445068e-01 2.934262156486511230e-01
1.881780773401260376e-01 1.613298207521438599e-01 2.938822805881500244e-01 3.566098213195800781e-01
1.415177732706069946e-01 2.719122767448425293e-01 2.934596240520477295e-01 2.931102812290191650e-01
1.798457056283950806e-01 2.495411485433578491e-01 2.931094467639923096e-01 2.775037884712219238e-01
2.540968060493469238e-01 1.773463338613510132e-01 3.675832152366638184e-01 2.009735405445098877e-01
1.414412558078765869e-01 2.708103358745574951e-01 3.318968415260314941e-01 2.558515369892120361e-01
1.135158687829971313e-01 3.701445758342742920e-01 2.914715111255645752e-01 2.248680144548416138e-01
1.438484638929367065e-01 1.914009898900985718e-01 4.255989491939544678e-01 2.391515374183654785e-01
1.680605411529541016e-01 1.521819680929183960e-01 4.367619752883911133e-01 2.429954856634140015e-01
2.114548981189727783e-01 1.533191800117492676e-01 4.899954199790954590e-01 1.452304571866989136e-01
2.767412364482879639e-02 6.728719472885131836e-01 7.839418202638626099e-02 2.210597395896911621e-01
1.275082230567932129e-01 1.058401465415954590e-01 3.725272715091705322e-01 3.941242992877960205e-01
1.564653962850570679e-01 8.148109912872314453e-02 4.162866175174713135e-01 3.457669019699096680e-01
6.949713081121444702e-02 4.770868644118309021e-02 2.296899408102035522e-01 6.531043052673339844e-01
9.915737062692642212e-02 9.833186864852905273e-02 2.834592461585998535e-01 5.190515518188476562e-01
1.492823660373687744e-02 1.483022868633270264e-01 2.153073400259017944e-01 6.214621663093566895e-01
2.146720588207244873e-01 1.512162238359451294e-01 1.893006861209869385e-01 4.448110461235046387e-01
1.244330406188964844e-01 4.119848459959030151e-02 3.191139400005340576e-01 5.152544975280761719e-01
1.873685121536254883e-01 5.411039292812347412e-02 2.864526808261871338e-01 4.720683991909027100e-01
2.102811187505722046e-01 4.737183079123497009e-02 2.831515967845916748e-01 4.591955542564392090e-01
2.418587058782577515e-01 1.587204635143280029e-02 5.871824026107788086e-01 1.550868004560470581e-01
1.833793669939041138e-01 1.126953363418579102e-01 5.774148702621459961e-01 1.265103816986083984e-01
6.185472011566162109e-02 4.601876810193061829e-02 7.157086133956909180e-01 1.764179021120071411e-01
3.996786773204803467e-01 1.030334010720252991e-01 3.067197501659393311e-01 1.905680894851684570e-01
1.405363529920578003e-01 7.588503509759902954e-02 7.211223244667053223e-01 6.245626881718635559e-02
1.037255972623825073e-01 8.286289870738983154e-02 3.256997764110565186e-01 4.877116978168487549e-01
8.005201816558837891e-02 6.479155272245407104e-02 6.943612694740295410e-01 1.607951670885086060e-01
3.843764215707778931e-02 6.047604605555534363e-02 7.882125377655029297e-01 1.128737702965736389e-01
8.490854501724243164e-02 4.771750047802925110e-02 7.156603336334228516e-01 1.517135947942733765e-01
4.465977847576141357e-02 8.725823462009429932e-02 7.174436450004577637e-01 1.506383866071701050e-01
4.946797341108322144e-02 9.907680004835128784e-02 6.922382116317749023e-01 1.592169106006622314e-01
3.745082318782806396e-01 3.038499690592288971e-02 4.915140867233276367e-01 1.035927236080169678e-01
3.416790962219238281e-01 3.152843937277793884e-02 5.386652946472167969e-01 8.812709897756576538e-02
3.420693576335906982e-01 3.255161643028259277e-02 5.158643126487731934e-01 1.095146611332893372e-01
3.267658352851867676e-01 3.463973477482795715e-02 5.225115418434143066e-01 1.160829439759254456e-01
3.382999598979949951e-01 3.130178153514862061e-02 5.243197083473205566e-01 1.060785800218582153e-01
3.047414422035217285e-01 4.545366764068603516e-02 5.610251426696777344e-01 8.877976983785629272e-02
4.887911677360534668e-02 1.134717836976051331e-01 6.121116876602172852e-01 2.255373895168304443e-01
4.078203812241554260e-02 9.549733251333236694e-02 6.708452701568603516e-01 1.928754150867462158e-01
4.454175010323524475e-02 7.409567385911941528e-02 6.851667761802673340e-01 1.961957514286041260e-01
7.361193746328353882e-02 1.084396615624427795e-01 7.384256124496459961e-01 7.952275127172470093e-02
1.454456150531768799e-01 4.990133643150329590e-02 7.421158552169799805e-01 6.253723800182342529e-02
8.918272703886032104e-02 7.300575822591781616e-02 7.585991621017456055e-01 7.921226322650909424e-02
9.403161704540252686e-02 6.567543745040893555e-02 7.610077261924743652e-01 7.928518950939178467e-02
1.365337967872619629e-01 1.746667027473449707e-01 4.140452146530151367e-01 2.747542858123779297e-01
1.157733350992202759e-01 9.515207260847091675e-02 6.174350380897521973e-01 1.716395616531372070e-01
1.355091482400894165e-01 6.243994832038879395e-02 6.821326613426208496e-01 1.199182271957397461e-01
7.493699342012405396e-02 6.113499402999877930e-02 7.321575880050659180e-01 1.317703723907470703e-01
4.438826441764831543e-02 4.115413129329681396e-02 7.978226542472839355e-01 1.166349649429321289e-01
4.443297535181045532e-02 1.157622113823890686e-01 6.558888554573059082e-01 1.839158982038497925e-01
4.271660372614860535e-02 1.163456216454505920e-01 6.041753292083740234e-01 2.367624491453170776e-01
5.014231428503990173e-02 6.390792876482009888e-02 6.681196093559265137e-01 2.178301513195037842e-01
4.270654171705245972e-02 1.164170950651168823e-01 6.040986776351928711e-01 2.367776483297348022e-01
4.002881422638893127e-02 7.178085297346115112e-02 7.551044821739196777e-01 1.330858618021011353e-01
4.301124438643455505e-02 1.138056963682174683e-01 6.069848537445068359e-01 2.361981421709060669e-01
4.272504150867462158e-02 1.162573769688606262e-01 6.042745113372802734e-01 2.367430031299591064e-01
4.974267259240150452e-02 8.673658967018127441e-02 6.348337531089782715e-01 2.286869734525680542e-01
4.132534563541412354e-02 8.494111895561218262e-02 7.363560795783996582e-01 1.373774409294128418e-01
4.149935394525527954e-02 8.339492231607437134e-02 7.381452918052673340e-01 1.369603872299194336e-01
4.263722524046897888e-02 7.375541329383850098e-02 7.494982481002807617e-01 1.341090351343154907e-01
4.985848441720008850e-02 7.172217220067977905e-02 7.490350604057312012e-01 1.293842792510986328e-01
4.407925158739089966e-02 1.298774778842926025e-01 5.862469077110290527e-01 2.397963702678680420e-01
4.156876355409622192e-02 8.278355747461318970e-02 7.388550639152526855e-01 1.367926150560379028e-01
4.596214368939399719e-02 1.141794025897979736e-01 6.031408905982971191e-01 2.367175817489624023e-01
4.266427829861640930e-02 7.353614270687103271e-02 7.497608661651611328e-01 1.340386867523193359e-01
6.998362392187118530e-02 7.847762107849121094e-02 7.300741672515869141e-01 1.214645206928253174e-01
4.503057897090911865e-02 1.217741221189498901e-01 5.948733687400817871e-01 2.383218854665756226e-01
5.252451449632644653e-02 2.650397643446922302e-02 7.978418469429016113e-01 1.231296956539154053e-01
8.862800151109695435e-02 2.339916490018367767e-02 8.327146768569946289e-01 5.525803565979003906e-02
7.589709758758544922e-02 8.353981375694274902e-02 7.462193965911865234e-01 9.434369951486587524e-02
8.241701871156692505e-02 3.797739744186401367e-02 7.667245864868164062e-01 1.128810420632362366e-01
7.886286079883575439e-02 9.788797236979007721e-03 8.385060429573059082e-01 7.284231483936309814e-02
3.694078922271728516e-01 3.207980468869209290e-02 5.287860631942749023e-01 6.972627341747283936e-02
3.702382445335388184e-01 3.140591084957122803e-02 5.289971828460693359e-01 6.935863196849822998e-02
3.717900812625885010e-01 3.017266467213630676e-02 5.293695330619812012e-01 6.866767257452011108e-02
3.702382445335388184e-01 3.140591084957122803e-02 5.289971828460693359e-01 6.935863196849822998e-02
3.734810054302215576e-01 2.886752039194107056e-02 5.297421216964721680e-01 6.790930032730102539e-02
4.173406064510345459e-01 4.547673463821411133e-02 4.667842090129852295e-01 7.039847224950790405e-02
3.067787587642669678e-01 3.455910086631774902e-02 6.170216202735900879e-01 4.164053872227668762e-02
3.691193163394927979e-01 3.231628611683845520e-02 5.287107229232788086e-01 6.985370814800262451e-02
3.707151114940643311e-01 3.102334216237068176e-02 5.291147232055664062e-01 6.914684176445007324e-02
3.704927563667297363e-01 3.120131045579910278e-02 5.290602445602416992e-01 6.924565136432647705e-02
1.988636851310729980e-01 5.398155376315116882e-02 6.888472437858581543e-01 5.830747261643409729e-02
3.135596811771392822e-01 4.612533003091812134e-02 5.810478329658508301e-01 5.926717072725296021e-02
3.486714363098144531e-01 3.256108239293098450e-02 3.757433891296386719e-01 2.430241703987121582e-01
3.973642885684967041e-01 3.970714285969734192e-02 4.925392270088195801e-01 7.038934528827667236e-02
7.827349007129669189e-02 3.473064675927162170e-02 7.697103023529052734e-01 1.172854900360107422e-01
3.434017896652221680e-01 2.663673274219036102e-02 5.635695457458496094e-01 6.639187783002853394e-02
3.755825161933898926e-01 2.730119414627552032e-02 5.301570296287536621e-01 6.695929914712905884e-02
3.876323103904724121e-01 1.947671733796596527e-02 5.315049886703491211e-01 6.138594448566436768e-02
3.787091076374053955e-01 2.508376352488994598e-02 5.306752324104309082e-01 6.553190946578979492e-02
2.004024237394332886e-01 1.989516243338584900e-02 7.105268239974975586e-01 6.917560845613479614e-02
3.888743817806243896e-01 1.877809688448905945e-02 5.315448641777038574e-01 6.080266460776329041e-02
2.089756280183792114e-01 2.940923720598220825e-02 7.094997763633728027e-01 5.211530998349189758e-02
2.423684149980545044e-01 1.661961898207664490e-02 6.844056844711303711e-01 5.660621449351310730e-02
3.695369064807891846e-01 3.115084208548069000e-02 5.307269096374511719e-01 6.858532130718231201e-02
2.956793904304504395e-01 3.766519948840141296e-02 6.271917819976806641e-01 3.946364670991897583e-02
3.107322156429290771e-01 4.858351498842239380e-02 5.996938347816467285e-01 4.099044576287269592e-02
2.941707968711853027e-01 3.942835703492164612e-02 6.264926195144653320e-01 3.990828990936279297e-02
