1.885009765625000000e+00
2.269508838653564453e+00
2.390261650085449219e+00
1.887113571166992188e+00
2.312883377075195312e+00
5.904463291168212891e+00
2.077741146087646484e+00
3.838813066482543945e+00
1.783467173576354980e+00
1.954599618911743164e+00
1.243511676788330078e+00
1.333058238029479980e+00
1.251783251762390137e+00
1.224965810775756836e+00
1.902844429016113281e+00
2.439780473709106445e+00
1.001885056495666504e+00
1.244799137115478516e+00
1.079317092895507812e+00
1.172101020812988281e+00
1.714916348457336426e+00
2.018552303314208984e+00
1.966165065765380859e+00
1.269984602928161621e+00
1.995164155960083008e+00
3.271604776382446289e+00
2.212177276611328125e+00
1.802461147308349609e+00
1.395446777343750000e+00
9.191108942031860352e-01
1.195438027381896973e+00
3.259760141372680664e+00
3.280696630477905273e+00
1.907491564750671387e+00
2.511125326156616211e+00
2.683857679367065430e+00
1.909272313117980957e+00
1.820957422256469727e+00
1.966507554054260254e+00
1.256188750267028809e+00
2.854701757431030273e+00
1.312669515609741211e+00
8.924296498298645020e-01
1.206400394439697266e+00
2.755938053131103516e+00
5.316504240036010742e-01
2.433048009872436523e+00
1.596724390983581543e+00
1.829349040985107422e+00
7.916913032531738281e-01
8.048282861709594727e-01
1.217696666717529297e+00
3.724368095397949219e+00
1.430300235748291016e+00
1.522271633148193359e+00
2.231737375259399414e+00
1.081273436546325684e+00
8.494457006454467773e-01
2.192011594772338867e+00
2.612177610397338867e+00
9.436041712760925293e-01
1.454280972480773926e+00
9.864029884338378906e-01
3.005882501602172852e+00
1.523855686187744141e+00
1.128940463066101074e+00
1.870588779449462891e+00
2.116559028625488281e+00
1.628603935241699219e+00
1.270341157913208008e+00
1.208385229110717773e+00
2.295638322830200195e+00
1.136770009994506836e+00
1.233068823814392090e+00
2.535247802734375000e+00
2.079008340835571289e+00
9.301075935363769531e-01
2.407238006591796875e+00
1.045042037963867188e+00
1.411920309066772461e+00
1.635267019271850586e+00
1.501559972763061523e+00
2.318318605422973633e+00
6.767224669456481934e-01
1.022805333137512207e+00
1.244507193565368652e+00
2.219136476516723633e+00
3.098712205886840820e+00
4.547207832336425781e+00
2.178791046142578125e+00
1.616421937942504883e+00
1.675891757011413574e+00
2.157293319702148438e+00
2.161922931671142578e+00
2.059737205505371094e+00
2.224106311798095703e+00
1.284542560577392578e+00
1.392100334167480469e+00
3.084687471389770508e+00
1.943712949752807617e+00
2.297193765640258789e+00
2.144714593887329102e+00
2.321192979812622070e+00
2.354940652847290039e+00
2.128664016723632812e+00
1.908707618713378906e+00
2.460163116455078125e+00
1.366429090499877930e+00
1.641157269477844238e+00
1.465239167213439941e+00
1.936364293098449707e+00
3.854227542877197266e+00
2.163083314895629883e+00
1.740392208099365234e+00
1.667767047882080078e+00
2.082131862640380859e+00
2.145863771438598633e+00
2.180378198623657227e+00
5.778097510337829590e-01
2.340143918991088867e+00
1.637915730476379395e+00
1.158205032348632812e+00
1.348797559738159180e+00
1.407105207443237305e+00
1.551481246948242188e+00
1.487139821052551270e+00
1.093976974487304688e+00
2.382762432098388672e+00
7.110864520072937012e-01
1.697623610496520996e+00
5.101813316345214844e+00
2.148298263549804688e+00
1.574741363525390625e+00
2.027485132217407227e+00
2.649716615676879883e+00
1.559802889823913574e+00
2.509539604187011719e+00
2.285828828811645508e+00
2.418031930923461914e+00
1.775274395942687988e+00
1.717250943183898926e+00
1.620668411254882812e+00
1.698837995529174805e+00
2.071973562240600586e+00
1.932734966278076172e+00
1.028229355812072754e+00
1.196757435798645020e+00
1.404464244842529297e+00
1.023880720138549805e+00
1.209001779556274414e+00
1.305351972579956055e+00
1.698761105537414551e+00
9.912486076354980469e-01
9.809092283248901367e-01
1.055885434150695801e+00
1.308340430259704590e+00
1.216514348983764648e+00
9.018569588661193848e-01
3.245978116989135742e+00
2.238827943801879883e+00
1.436736702919006348e+00
1.956002593040466309e+00
1.464095115661621094e+00
1.782571434974670410e+00
8.935686349868774414e-01
1.073160409927368164e+00
2.470485925674438477e+00
1.310414195060729980e+00
2.210202693939208984e+00
2.524052858352661133e+00
2.594213247299194336e+00
1.836759090423583984e+00
2.230996608734130859e+00
2.470376729965209961e+00
1.972182750701904297e+00
2.015280246734619141e+00
1.590862870216369629e+00
3.213187217712402344e+00
2.142333030700683594e+00
1.747516751289367676e+00
2.147622823715209961e+00
2.510896682739257812e+00
1.424088239669799805e+00
1.926712393760681152e+00
2.126648664474487305e+00
9.722792506217956543e-01
2.350491523742675781e+00
8.537954092025756836e-01
1.243069767951965332e+00
1.361666917800903320e+00
1.936873078346252441e+00
2.028569936752319336e+00
7.691032290458679199e-01
1.868730068206787109e+00
3.651526689529418945e+00
9.570639729499816895e-01
2.253525495529174805e+00
2.575706958770751953e+00
2.118437051773071289e+00
6.931374669075012207e-01
2.823643445968627930e+00
1.232290983200073242e+00
3.298309564590454102e+00
1.766791343688964844e+00
3.276179552078247070e+00
1.851677536964416504e+00
2.052793741226196289e+00
1.035532355308532715e+00
1.364864468574523926e+00
