2.238367795944213867e+00
2.533113956451416016e+00
2.445357799530029297e+00
2.297710418701171875e+00
3.255071640014648438e+00
2.726296663284301758e+00
2.356277942657470703e+00
1.049118280410766602e+00
2.207317352294921875e+00
2.340904712677001953e+00
2.085110425949096680e+00
2.136262893676757812e+00
2.086599588394165039e+00
2.107286214828491211e+00
2.303461074829101562e+00
2.416481018066406250e+00
2.038163900375366211e+00
2.127896785736083984e+00
2.066027641296386719e+00
2.098869562149047852e+00
2.144743442535400391e+00
2.271559715270996094e+00
2.261641025543212891e+00
2.078116893768310547e+00
2.215958118438720703e+00
3.262151956558227539e+00
2.406705856323242188e+00
1.687629580497741699e+00
2.145086526870727539e+00
2.000014066696166992e+00
2.096885681152343750e+00
3.022288799285888672e+00
2.434359312057495117e+00
2.267652988433837891e+00
2.378558397293090820e+00
2.572422504425048828e+00
2.314599037170410156e+00
2.188946962356567383e+00
2.306751251220703125e+00
2.118191480636596680e+00
2.062297582626342773e+00
2.058397769927978516e+00
1.976402878761291504e+00
2.075822353363037109e+00
-3.102699518203735352e-01
2.005856990814208984e+00
2.333018779754638672e+00
2.206176757812500000e+00
2.271721839904785156e+00
1.973163366317749023e+00
3.011266708374023438e+00
2.031236171722412109e+00
2.422199487686157227e+00
2.092423915863037109e+00
2.134205818176269531e+00
2.275434732437133789e+00
2.058176279067993164e+00
1.962627410888671875e+00
2.248551845550537109e+00
2.394201755523681641e+00
2.007296562194824219e+00
2.117105484008789062e+00
2.036478042602539062e+00
7.492399811744689941e-01
2.204745769500732422e+00
2.054495573043823242e+00
2.311815738677978516e+00
2.376520633697509766e+00
2.216507911682128906e+00
2.129212379455566406e+00
2.067993402481079102e+00
2.520968675613403320e+00
2.077559709548950195e+00
2.106264829635620117e+00
2.410408496856689453e+00
2.335113763809204102e+00
2.037879705429077148e+00
2.360112905502319336e+00
2.041652202606201172e+00
2.210454940795898438e+00
2.259677886962890625e+00
2.079667806625366211e+00
2.962189674377441406e+00
1.960380434989929199e+00
2.016101598739624023e+00
2.089341878890991211e+00
2.335505485534667969e+00
2.761184215545654297e+00
2.992544889450073242e+00
2.387518644332885742e+00
2.180569887161254883e+00
2.258865356445312500e+00
2.391270160675048828e+00
2.530332565307617188e+00
2.544130086898803711e+00
2.482578516006469727e+00
2.114837408065795898e+00
2.168162345886230469e+00
1.648360729217529297e+00
1.821642160415649414e+00
2.485603809356689453e+00
2.436176300048828125e+00
2.467085838317871094e+00
2.500793457031250000e+00
2.527333259582519531e+00
2.407799959182739258e+00
2.536337852478027344e+00
2.203332662582397461e+00
2.264348030090332031e+00
2.231662988662719727e+00
2.357690572738647461e+00
2.750187873840332031e+00
2.373919963836669922e+00
2.316007852554321289e+00
2.305662155151367188e+00
2.463445663452148438e+00
2.489417076110839844e+00
2.541185855865478516e+00
1.935490131378173828e+00
2.356332540512084961e+00
2.302588701248168945e+00
2.009044408798217773e+00
2.088731765747070312e+00
2.132997989654541016e+00
2.056686639785766602e+00
2.124875307083129883e+00
2.034965991973876953e+00
2.459553241729736328e+00
1.946341037750244141e+00
2.151132106781005859e+00
2.407260656356811523e+00
2.264389514923095703e+00
8.758771419525146484e-01
2.345690965652465820e+00
2.546257019042968750e+00
2.127963781356811523e+00
2.508150100708007812e+00
2.520634174346923828e+00
1.985588192939758301e+00
2.257906913757324219e+00
2.201527118682861328e+00
2.273449897766113281e+00
2.283696889877319336e+00
2.538339138031005859e+00
2.398131370544433594e+00
2.072658538818359375e+00
2.164448261260986328e+00
2.058383941650390625e+00
2.022080421447753906e+00
2.067545652389526367e+00
2.067724466323852539e+00
2.179209709167480469e+00
2.068795680999755859e+00
2.051157712936401367e+00
2.090338945388793945e+00
2.145545721054077148e+00
2.058467626571655273e+00
2.040198326110839844e+00
2.479517698287963867e+00
2.356574535369873047e+00
2.209627151489257812e+00
1.841018438339233398e+00
2.219141244888305664e+00
2.262559413909912109e+00
2.010917186737060547e+00
2.090880632400512695e+00
1.776173353195190430e+00
2.144316911697387695e+00
2.509116888046264648e+00
2.490321397781372070e+00
2.486045360565185547e+00
2.345477342605590820e+00
2.536370992660522461e+00
2.539728164672851562e+00
2.235584020614624023e+00
2.315696239471435547e+00
2.194365978240966797e+00
2.748056650161743164e+00
2.232426166534423828e+00
2.106663703918457031e+00
2.234590053558349609e+00
2.298448085784912109e+00
2.201746225357055664e+00
2.363637447357177734e+00
2.413442611694335938e+00
2.036944627761840820e+00
2.513656616210937500e+00
2.013257503509521484e+00
2.034662485122680664e+00
2.187307357788085938e+00
2.355415344238281250e+00
2.404061317443847656e+00
1.996606826782226562e+00
2.289170265197753906e+00
1.773738861083984375e+00
2.053430557250976562e+00
2.339296817779541016e+00
2.431962013244628906e+00
2.306675910949707031e+00
1.608413219451904297e+00
2.678053379058837891e+00
2.113765954971313477e+00
2.480925083160400391e+00
3.058741331100463867e+00
2.837986230850219727e+00
2.321160078048706055e+00
2.360657215118408203e+00
2.092669963836669922e+00
2.158967494964599609e+00
