1.757855892181396484e+00
2.291257143020629883e+00
2.176959276199340820e+00
1.874597072601318359e+00
3.191566228866577148e+00
2.136587858200073242e+00
2.014887332916259766e+00
1.332082509994506836e+00
1.757405519485473633e+00
1.974017620086669922e+00
9.463813304901123047e-01
1.021109461784362793e+00
9.305265545845031738e-01
9.645780324935913086e-01
1.887971639633178711e+00
2.155874013900756836e+00
8.446694612503051758e-01
1.002419948577880859e+00
8.891881704330444336e-01
9.472755193710327148e-01
1.584735870361328125e+00
1.841353416442871094e+00
1.815973043441772461e+00
9.182759523391723633e-01
1.791746139526367188e+00
1.898922920227050781e+00
2.103651762008666992e+00
1.748676538467407227e+00
1.039679884910583496e+00
7.872400283813476562e-01
9.446908235549926758e-01
2.419210672378540039e+00
2.771670103073120117e+00
1.813221454620361328e+00
2.684019327163696289e+00
2.901048898696899414e+00
1.912170171737670898e+00
1.324666261672973633e+00
1.897296667098999023e+00
9.850646853446960449e-01
2.803710937500000000e+00
9.018998742103576660e-01
7.536256313323974609e-01
9.117515087127685547e-01
3.764418363571166992e-01
2.391577482223510742e+00
2.551451206207275391e+00
1.169447898864746094e+00
1.787792205810546875e+00
7.459070086479187012e-01
2.313529729843139648e+00
8.496794104576110840e-01
1.838681697845458984e+00
9.735906124114990234e-01
1.064610481262207031e+00
2.172325372695922852e+00
8.782290220260620117e-01
7.311934828758239746e-01
2.314174890518188477e+00
2.576801776885986328e+00
7.995807528495788574e-01
1.001307487487792969e+00
8.421429991722106934e-01
2.164283037185668945e+00
1.169151544570922852e+00
8.746463656425476074e-01
1.905323743820190430e+00
2.044450521469116211e+00
1.194287538528442383e+00
1.006270647048950195e+00
8.987743258476257324e-01
2.277651786804199219e+00
9.203795790672302246e-01
9.714514613151550293e-01
2.719339132308959961e+00
1.988563776016235352e+00
8.469914793968200684e-01
2.694928646087646484e+00
8.588825464248657227e-01
1.177301645278930664e+00
1.316472053527832031e+00
1.665062665939331055e+00
1.445155382156372070e+00
7.262256741523742676e-01
8.261188864707946777e-01
9.506435990333557129e-01
2.151318550109863281e+00
3.043698310852050781e+00
2.556615114212036133e+00
2.082078456878662109e+00
1.499855756759643555e+00
1.677908182144165039e+00
2.083008289337158203e+00
2.288328170776367188e+00
2.302675008773803711e+00
2.228591203689575195e+00
9.835182428359985352e-01
1.142436742782592773e+00
1.450114965438842773e+00
1.390063047409057617e+00
2.236031770706176758e+00
2.155616760253906250e+00
2.214746236801147461e+00
2.256043672561645508e+00
2.284816503524780273e+00
2.103164911270141602e+00
3.038556814193725586e+00
1.161923646926879883e+00
1.795541286468505859e+00
1.492123603820800781e+00
2.006369113922119141e+00
2.393764734268188477e+00
2.061125516891479492e+00
1.914547920227050781e+00
1.890568733215332031e+00
2.198835134506225586e+00
2.237256526947021484e+00
2.299931287765502930e+00
6.758257746696472168e-01
2.430874586105346680e+00
1.449560642242431641e+00
8.196408152580261230e-01
9.429263472557067871e-01
1.019611716270446777e+00
1.202702522277832031e+00
1.010768651962280273e+00
8.442702889442443848e-01
2.196945905685424805e+00
6.994368433952331543e-01
1.510988235473632812e+00
2.507966279983520508e+00
1.985262393951416016e+00
-9.475005269050598145e-01
1.981327533721923828e+00
2.310173511505126953e+00
1.136704206466674805e+00
2.272388935089111328e+00
2.277203559875488281e+00
2.633259057998657227e+00
1.590107440948486328e+00
1.391253232955932617e+00
1.815714836120605469e+00
1.841828107833862305e+00
2.296721220016479492e+00
2.085279941558837891e+00
9.035643339157104492e-01
1.076385498046875000e+00
9.370930194854736328e-01
8.222957849502563477e-01
8.984470367431640625e-01
9.081977009773254395e-01
1.600977659225463867e+00
8.962249755859375000e-01
8.689828515052795410e-01
9.342038035392761230e-01
1.045423746109008789e+00
9.101044535636901855e-01
8.491843938827514648e-01
2.696640729904174805e+00
2.120738267898559570e+00
1.176597833633422852e+00
2.044635057449340820e+00
1.198165416717529297e+00
1.802159070968627930e+00
8.076015710830688477e-01
9.356747269630432129e-01
2.834399938583374023e+00
1.045191287994384766e+00
2.263866186141967773e+00
2.440131187438964844e+00
2.767222642898559570e+00
1.979113101959228516e+00
2.295446634292602539e+00
2.334764242172241211e+00
2.072920083999633789e+00
1.930135488510131836e+00
1.640309095382690430e+00
3.301826000213623047e+00
2.199043512344360352e+00
1.898604631423950195e+00
2.220124959945678711e+00
2.478025197982788086e+00
1.165477037429809570e+00
2.017760753631591797e+00
2.116819381713867188e+00
8.471862077713012695e-01
2.271168470382690430e+00
8.082857131958007812e-01
9.100057482719421387e-01
1.126807451248168945e+00
2.001466035842895508e+00
2.097572565078735352e+00
7.821437120437622070e-01
1.857865571975708008e+00
2.875323534011840820e+00
8.702600598335266113e-01
2.056927442550659180e+00
2.757941484451293945e+00
2.017312765121459961e+00
1.431661128997802734e+00
2.836963891983032227e+00
1.886320352554321289e+00
2.863784074783325195e+00
5.694341063499450684e-01
3.170929193496704102e+00
1.928398370742797852e+00
2.019397020339965820e+00
9.370360970497131348e-01
1.070841431617736816e+00
